At time 0.0
- Translation: [0.300, 0.500, 0.250]
- Rotation: in Quaternion [0.229, 0.413, 0.092, 0.877]
- Rotation: in RPY (radian) [0.712, 0.750, 0.500]
- Rotation: in RPY (degree) [40.823, 42.999, 28.634]
- Matrix:
  0.642  0.029  0.766  0.300
  0.350  0.878 -0.326  0.500
 -0.682  0.478  0.553  0.250
  0.000  0.000  0.000  1.000
At time 0.0
- Translation: [0.300, 0.500, 0.250]
- Rotation: in Quaternion [0.229, 0.413, 0.092, 0.877]
- Rotation: in RPY (radian) [0.712, 0.750, 0.500]
- Rotation: in RPY (degree) [40.823, 42.999, 28.634]
- Matrix:
  0.642  0.029  0.766  0.300
  0.350  0.878 -0.326  0.500
 -0.682  0.478  0.553  0.250
  0.000  0.000  0.000  1.000
At time 0.0
- Translation: [0.300, 0.500, 0.250]
- Rotation: in Quaternion [0.229, 0.413, 0.092, 0.877]
- Rotation: in RPY (radian) [0.712, 0.750, 0.500]
- Rotation: in RPY (degree) [40.823, 42.999, 28.634]
- Matrix:
  0.642  0.029  0.766  0.300
  0.350  0.878 -0.326  0.500
 -0.682  0.478  0.553  0.250
  0.000  0.000  0.000  1.000
At time 0.0
- Translation: [0.300, 0.500, 0.250]
- Rotation: in Quaternion [0.229, 0.413, 0.092, 0.877]
- Rotation: in RPY (radian) [0.712, 0.750, 0.500]
- Rotation: in RPY (degree) [40.823, 42.999, 28.634]
- Matrix:
  0.642  0.029  0.766  0.300
  0.350  0.878 -0.326  0.500
 -0.682  0.478  0.553  0.250
  0.000  0.000  0.000  1.000
At time 0.0
- Translation: [0.300, 0.500, 0.250]
- Rotation: in Quaternion [0.229, 0.413, 0.092, 0.877]
- Rotation: in RPY (radian) [0.712, 0.750, 0.500]
- Rotation: in RPY (degree) [40.823, 42.999, 28.634]
- Matrix:
  0.642  0.029  0.766  0.300
  0.350  0.878 -0.326  0.500
 -0.682  0.478  0.553  0.250
  0.000  0.000  0.000  1.000
At time 0.0
- Translation: [0.300, 0.500, 0.250]
- Rotation: in Quaternion [0.229, 0.413, 0.092, 0.877]
- Rotation: in RPY (radian) [0.712, 0.750, 0.500]
- Rotation: in RPY (degree) [40.823, 42.999, 28.634]
- Matrix:
  0.642  0.029  0.766  0.300
  0.350  0.878 -0.326  0.500
 -0.682  0.478  0.553  0.250
  0.000  0.000  0.000  1.000
At time 0.0
- Translation: [0.300, 0.500, 0.250]
- Rotation: in Quaternion [0.229, 0.413, 0.092, 0.877]
- Rotation: in RPY (radian) [0.712, 0.750, 0.500]
- Rotation: in RPY (degree) [40.823, 42.999, 28.634]
- Matrix:
  0.642  0.029  0.766  0.300
  0.350  0.878 -0.326  0.500
 -0.682  0.478  0.553  0.250
  0.000  0.000  0.000  1.000
At time 0.0
- Translation: [0.300, 0.500, 0.250]
- Rotation: in Quaternion [0.229, 0.413, 0.092, 0.877]
- Rotation: in RPY (radian) [0.712, 0.750, 0.500]
- Rotation: in RPY (degree) [40.823, 42.999, 28.634]
- Matrix:
  0.642  0.029  0.766  0.300
  0.350  0.878 -0.326  0.500
 -0.682  0.478  0.553  0.250
  0.000  0.000  0.000  1.000
At time 0.0
- Translation: [0.300, 0.500, 0.250]
- Rotation: in Quaternion [0.229, 0.413, 0.092, 0.877]
- Rotation: in RPY (radian) [0.712, 0.750, 0.500]
- Rotation: in RPY (degree) [40.823, 42.999, 28.634]
- Matrix:
  0.642  0.029  0.766  0.300
  0.350  0.878 -0.326  0.500
 -0.682  0.478  0.553  0.250
  0.000  0.000  0.000  1.000
At time 0.0
- Translation: [0.300, 0.500, 0.250]
- Rotation: in Quaternion [0.229, 0.413, 0.092, 0.877]
- Rotation: in RPY (radian) [0.712, 0.750, 0.500]
- Rotation: in RPY (degree) [40.823, 42.999, 28.634]
- Matrix:
  0.642  0.029  0.766  0.300
  0.350  0.878 -0.326  0.500
 -0.682  0.478  0.553  0.250
  0.000  0.000  0.000  1.000
At time 0.0
- Translation: [0.300, 0.500, 0.250]
- Rotation: in Quaternion [0.229, 0.413, 0.092, 0.877]
- Rotation: in RPY (radian) [0.712, 0.750, 0.500]
- Rotation: in RPY (degree) [40.823, 42.999, 28.634]
- Matrix:
  0.642  0.029  0.766  0.300
  0.350  0.878 -0.326  0.500
 -0.682  0.478  0.553  0.250
  0.000  0.000  0.000  1.000
At time 0.0
- Translation: [0.300, 0.500, 0.250]
- Rotation: in Quaternion [0.229, 0.413, 0.092, 0.877]
- Rotation: in RPY (radian) [0.712, 0.750, 0.500]
- Rotation: in RPY (degree) [40.823, 42.999, 28.634]
- Matrix:
  0.642  0.029  0.766  0.300
  0.350  0.878 -0.326  0.500
 -0.682  0.478  0.553  0.250
  0.000  0.000  0.000  1.000
At time 0.0
- Translation: [0.300, 0.500, 0.250]
- Rotation: in Quaternion [0.229, 0.413, 0.092, 0.877]
- Rotation: in RPY (radian) [0.712, 0.750, 0.500]
- Rotation: in RPY (degree) [40.823, 42.999, 28.634]
- Matrix:
  0.642  0.029  0.766  0.300
  0.350  0.878 -0.326  0.500
 -0.682  0.478  0.553  0.250
  0.000  0.000  0.000  1.000
